823242
823321
823242
823322
823320
823240
823241
823239
823238
823237
823235
823234
824858
824857
824859
824531
824532
824530
822752
822751
822750
823236
823231
823233
823232
823229
823230
823473
823471
823472
822990
822988
822987
823228
823227
823226
823225
823224
823221
823953
823951
823952
823950
825009
825007
825006
825087
825086
825084
823223
823222
823220
823219
823216
823217
824353
824352
824354
823781
823782
823780
823779
824673
824669
824670
823218
823214
823215
823211
823213
823212
824913
824912
823853
823854
823852
823210
823208
823209
823206
823207
